0.124491 70
8.133913 1
0.119800 1
0.160052 1
0.200081 1
0.087849 1
0.472001 1
0.112212 1
0.151775 1
0.400499 1
0.455598 1
0.976535 2
3.090172 66
0.000962 66
0.436662 86
0.000179 2
0.006096 42
0.000183 2
0.001463 38
0.000039 2
1.818336 53
0.001223 2
0.007463 58
1.884246 77
0.004940 114
0.661647 12
0.000611 79
0.446249 12
0.000113 82
0.379770 12
0.000890 65
0.240787 12
0.000227 81
0.938887 12
0.000457 80
0.266121 12
0.000103 79
1.792419 12
0.000561 80
0.998496 12
0.001019 81
0.997770 12
0.000612 81
0.999677 12
0.002309 81
0.996441 93
0.999152 12
0.000533 82
0.999593 12
0.000424 82
0.999210 94
0.999335 12
0.000128 82
1.035598 12
0.000154 82
0.964256 12
0.000204 82
0.997775 12
0.000556 82
1.000041 12
0.006050 82
0.993550 12
0.001832 82
0.996659 12
0.001155 82
0.998703 12
0.001670 82
0.997878 12
0.001409 82
0.997625 12
0.001041 82
0.998256 12
0.000683 82
0.999743 12
0.000803 82
0.998964 12
0.001266 82
0.997793 12
0.000891 82
1.000191 12
0.000284 82
0.997301 12
0.003519 82
0.999002 12
0.001232 82
0.996900 94
0.997631 94
0.999563 12
0.001254 82
0.999758 94
0.999357 12
0.000895 82
0.999471 94
0.998346 12
0.001031 82
1.000331 12
0.000316 82
0.996593 12
0.001805 82
1.446981 12
0.000373 81
0.549463 12
0.001650 82
0.997984 12
0.001340 82
1.000097 12
0.002097 82
0.995445 12
0.002174 82
0.998436 12
0.001758 82
0.998364 12
0.000443 82
1.181659 94
0.816521 12
0.000726 81
1.000744 12
0.001288 81
0.994887 12
0.000390 81
0.401234 12
0.000098 81
0.009437 12
0.000557 61
3.223064 85
0.428647 50
0.000705 2
3.397218 12
0.007586 21
1.417459 12
0.000241 21
1.623034 12
0.000656 21
2.647316 33
16.849743 12
0.142516 62
0.332880 81
3.168206 76
1.352133 69
0.698189 72
0.000085 2
0.007095 32
0.000080 2
0.002164 35
0.000165 2
0.300190 37
0.000164 2
0.236109 55
0.000110 2
0.994214 57
0.000070 2
0.527484 31
0.000117 2
1.020784 77
0.000413 2
1.378251 45
0.000264 2
0.001182 41
0.000288 48
71.102505 165
3.135116 78
0.927684 75
0.874762 83
0.000040 2
1.585877 43
0.000042 2
0.003521 55
0.000282 2
0.324288 81
0.000166 2
0.001161 79
0.000142 2
0.000253 76
0.000159 2
0.000029 64
0.000028 2
0.000293 10
0.000094 2
0.000022 81
0.000015 2
0.000015 56
0.000017 2
0.002603 37
0.000049 2
2.242675 64
0.001224 2
5.043742 66
0.000205 2
2.009161 47
0.000327 2
1.014309 69
0.001474 2
1.534850 50
0.000107 2
0.176883 50
2.777297 129
88.267445 39
0.001130 2
0.005694 45
0.007241 85
0.539972 89
5.556105 57
2.447216 56
0.018038 658
0.073653 61
0.000070 2
3.706549 92
0.000116 166
0.058651 87
0.179323 365
0.271313 48
0.640791 47
1.069613 47
0.000182 2
0.025865 40
0.000123 2
1.799581 100
0.000134 2
3.752057 115
1.935202 115
0.210329 18
0.000493 2
0.000178 93
0.000037 2
2.555614 181
1.507256 291
7.889473 28
0.004927 2
1.403994 30
0.021184 153
1.693968 119
0.106710 3552
0.131384 133
0.438754 88
0.006749 42
0.000123 2
0.004759 38
0.000059 2
1.827320 55
0.000325 58
1.942614 77
0.274331 52
2.857146 12
0.001056 21
1.214596 12
0.008356 21
1.229568 12
0.000915 21
2.558866 12
0.001023 21
10.941666 12
0.146971 62
0.302416 81
0.974790 74
0.001620 2
1.004154 74
0.136112 69
0.382600 74
0.000230 34
0.019206 37
0.190009 39
0.210892 57
0.470398 59
0.397428 33
0.614439 79
0.682405 47
0.002766 41
0.011846 48
80.642139 165
4.382540 78
1.320766 73
0.000040 2
1.128604 85
2.829088 43
0.000204 2
0.003525 57
0.312487 461
0.003420 39
3.412186 66
8.027234 68
2.677900 47
0.001685 2
1.174178 71
2.218326 50
0.001173 2
0.215252 48
0.000090 2
2.214508 37
0.000150 2
0.000761 48
0.000024 2
0.000016 48
0.000037 2
39.906232 160
0.432975 87
0.000260 2
7.594852 57
2.157079 703
0.031197 63
3.450993 92
0.002459 166
0.056307 87
0.043908 365
0.250162 48
0.591477 45
0.000054 2
1.126860 43
0.001031 2
0.000194 33
0.000022 2
1.438973 100
0.001410 2
2.450208 18
0.000055 2
0.000113 93
0.000018 2
0.937912 18
0.000059 2
0.000150 93
0.004753 2
0.109920 18
0.000327 2
0.000201 93
0.000037 2
3.055457 18
0.005247 2
0.011761 10
0.000817 2
0.031910 18
0.000313 2
0.002964 90
0.000053 2
0.000111 10
0.000027 2
0.000074 23
0.000030 2
1.724913 291
8.656292 30
1.674765 28
0.000117 2
1.073470 127
0.002562 2
0.000228 256
0.000021 2
0.178542 70
23.284381 1
0.074161 1
0.166175 1
0.216160 1
0.066427 1
0.565324 1
0.073716 1
0.142232 1
0.415676 1
0.143984 1
0.231954 1
0.208229 1
2.256010 1
0.208291 1
1.320157 1
0.351609 1
1.312354 2
4.752346 19
0.003818 26
1.389110 1
0.335859 1
0.088147 1
0.224477 1
0.183509 1
0.199911 1
0.263848 1
0.553926 2
0.196295 39
8.084771 20
0.559547 90
7.614165 1
0.047952 1
0.343491 1
0.074567 1
0.691484 47
3.770095 1
0.055811 1
0.352735 1
0.074460 1
0.515465 10
0.002985 32
0.000180 2
0.001216 70
1.646455 16
1.132839 4
0.344457 1
1.271651 2
4.783787 45
2.169839 1
0.345009 1
0.079206 1
0.239758 1
0.159843 1
0.232326 1
0.320134 1
0.506302 2
0.207950 39
0.759513 20
0.798715 54
8.377501 16
0.567148 2
0.034286 52
2.052350 1
0.103790 1
0.744216 1
0.335961 1
0.481351 1
0.078641 1
0.448296 2
0.012652 258
5.522995 1
0.032200 1
0.279980 1
0.104261 1
0.725649 47
4.414037 7
0.998510 10
0.645483 1
0.064246 1
0.303558 1
0.104204 1
0.502459 10
0.018408 32
0.000456 2
0.008690 70
1.007742 16
1.140495 4
0.311906 1
0.744382 2
4.388032 53
0.103664 45
6.703642 14
0.393019 2
0.047445 52
3.582919 1
0.102875 1
0.104744 1
0.263554 1
0.303665 1
0.066471 1
0.477874 2
0.039479 258
9.722145 17
5.822608 2
0.068359 52
3.267031 1
0.080022 1
0.128189 1
0.296091 1
0.327562 1
0.104314 1
1.072368 2
0.053748 321
8.187587 18
0.374432 2
0.070214 321
19.268851 18
0.769041 15
0.584961 23
0.893764 28
1.098510 20
1.702917 24
0.184485 23
0.135344 28
0.160462 12
0.159756 21
1.683188 1
0.096303 1
0.520043 1
0.104210 1
0.039874 1
0.647653 3
0.240244 3
0.968304 1
0.081733 10
0.005385 32
0.000088 2
0.008672 70
16.658664 16
21.955356 4
0.073809 1
2.710381 2
3.967083 53
0.076610 45
12.120665 25
0.518919 2
0.020424 9
0.020498 297
7.168181 20
1.221906 2
0.067678 694
6.389408 26
0.534600 2
0.042727 472
6.943384 11
0.565701 2
0.022209 10
0.002967 119
4.886996 1
0.311697 1
0.087883 1
1.495942 1
0.183935 1
0.480096 1
0.248044 1
0.904564 2
0.150979 39
0.604512 4
0.424578 10
1.455381 22
1.389166 16
1.425928 11
0.512948 14
0.543367 7
0.464049 1
2.030323 11
0.735284 2
0.010744 143
8.478254 26
2.942656 2
0.032074 93
8.719841 1
0.039674 1
0.336333 1
0.088941 1
0.475781 47
1.906455 1
0.063916 1
0.328223 1
0.167910 1
0.377562 10
0.002953 104
2.437692 16
1.292334 4
0.967985 1
1.559862 2
3.850749 53
0.068111 45
1.610963 1
0.279646 1
0.096843 1
0.247339 1
0.175924 1
0.192352 1
0.503929 1
0.505695 2
0.174473 39
9.793973 26
0.616494 2
0.106781 93
8.500881 14
0.479390 2
0.047119 46
7.937938 16
0.493990 2
0.059174 436
8.014304 6
0.278083 2
0.061941 315
6.643329 17
1.094763 2
0.040725 46
7.626110 6
0.533427 2
0.048116 378
2.727019 1
0.048547 1
0.303593 1
0.144246 1
0.628180 47
1.219673 1
0.082217 1
0.309694 1
0.152474 1
0.408119 10
0.011076 32
0.000129 2
0.008804 70
1.033743 1
0.063782 1
0.304143 1
0.136026 1
0.416255 6
0.000176 2
